5
0.20416590639
0.178628011947
0.00135719030531
0.0398136066672
-0.0507871714815
0.0407620998689
0.0635286586579
6
-0.581750441017
-0.181332597296
-0.0383476587233
-0.583931136162
-0.225844258648
-0.128954027937
-0.659227926294
7
-0.087824329642
-0.105365675923
-0.433561576529
-0.738249133569
-0.744089105256
-1.03767746763
-1.79103916819
8
0.148051213241
-0.0410423373355
-0.268617540243
-0.140107863606
0.0506303761364
-0.0458456133767
0.00733921963493
9
0.326229129629
0.25323592007
0.0108325801594
0.0835931070393
-0.0833949902074
-0.410030483749
-0.144327383693
10
0.0570824283998
0.0332956285576
0.053979045853
0.0323799985882
0.0329256536866
-0.0533475621704
-0.244131405924