5
0.0196287866486
0.171680675727
0.191110173068
0.137159638891
0.0902193563454
0.182393165202
0.16099953495
6
-0.340518229007
-0.340416743434
-0.0505636357284
-0.532181127148
-0.204563201534
-0.176248732291
-0.6500664083
7
0.0403172654273
-0.0449931890827
-0.625149073097
-0.822594127239
-0.592755242426
-0.938042565454
-1.51847720114
8
0.101384212138
0.0310087251209
-0.096095617464
-0.00177922597185
0.152569914459
0.0560006452893
0.0854411382522
9
0.311165693187
0.289330219207
0.0268788762176
0.122270441475
-0.154729343268
-0.401516651313
-0.125801664572
10
0.336066117906
0.149422713555
0.239848501232
0.266750073554
0.0198281439845
0.0209321626864
-0.232057197602