5
0.17964691707
-0.160723195297
0.0490009576498
-0.249507929042
-0.132194824393
-0.044138039904
0.0314108516794
6
0.0455575319985
-0.137930419053
-0.157122400679
-0.185445343676
-0.115760217537
-0.040356302918
-0.735752497191
7
-0.266546164872
-0.191636347359
-0.113325218101
-0.167431323546
-0.125561024748
-0.602161345448
-2.78365993384
8
-0.100838659926
-0.146215502138
-0.240678392481
-0.140947657572
-0.0906571262645
-0.0874103031948
-0.0353507474403
9
-0.160128317851
-0.185510072212
-0.191289417185
-0.105749042316
-0.062275320826
-0.122730599663
-0.100496160318
10
-0.0510563444408
-0.130388627039
-0.0140096640281
0.0264501326183
-0.0849309624504
-0.0549229409624
-0.016702203271