5
-0.219637391552
-0.112157976745
0.00853400005085
-0.0282197742289
0.0345472890471
0.168736215791
0.14889202886
6
-0.0746888947029
-0.137926197694
-0.157629298495
-0.152058574154
0.0837775033581
0.139715340431
0.111182263902
7
0.126834535955
0.067290693247
0.0173259078361
0.00141954114192
-0.186802568722
-0.104820459607
-0.945894508807
8
-0.110353194065
-0.0786952752844
0.00140401657851
0.113277067373
0.144105345178
0.0174241876513
0.0816732656467
9
-0.213721880298
-0.257583323258
-0.160739446775
-0.036764834804
-0.0738850141599
-0.116536146517
-0.0354713912358
10
0.200601398855
0.0802544070063
0.164601809971
0.232710120113
0.134573211231
0.229246692515
0.215542432665