5
0.147302232866
-0.0457810176732
-0.235400815195
-0.190550920306
-0.148618596027
-0.00116663185045
0.121863146663
6
0.0366807774998
-0.134659063415
-0.157632971049
-0.17271777297
-0.109546344021
0.0369121522184
-0.274345369804
7
-0.25205967077
-0.143587413036
-0.107295085711
-0.136160287584
-0.132250995055
-0.512806923969
-2.14827820832
8
-0.0782813964079
-0.113303309319
-0.185464369438
-0.0801378474482
-0.00440329400066
-0.132082367226
-0.0162243615276
9
-0.194336665508
-0.173586222611
-0.198938498859
-0.112213381627
-0.122839090295
-0.143399070454
-0.0866550814575
10
0.000556265861015
-0.10242096731
0.0414800182045
0.0378417259728
-0.11031859855
-0.0181744258274
0.0486620602052s