5
-0.0652530030152
-0.018369245803
-0.000121233848041
-0.275352870069
-0.158707695904
-0.00672520969966
-0.00811563940411
6
-0.0747183602849
-0.137941997525
-0.157637868549
-0.152056233285
-0.0454211453306
-0.0222689498192
-0.171446795908
7
-0.00068241026999
-0.0251928283055
-0.0746640977969
-0.0971583241636
-0.102460192829
-0.0637750388168
-0.347893229197
8
-0.0434484363192
-0.0619304626762
-0.0777889000586
-0.0429702963119
-0.0547478536538
-0.0658967165499
-0.00686593106281
9
-0.0432665650785
-0.0767747101457
-0.220860564304
-0.120683960213
-0.192228781237
-0.490540814865
-0.0166151504789
10
-0.00659730365555
-0.00125193124236
0.00390196244162
0.00253181644655
-0.000297442680887
-0.246031630522
-0.0841393705431