5
-0.0652527376459
-0.0183693224063
-0.000121099726635
-0.275352851498
-0.15870771662
-0.00750490108421
-0.00835928881016
6
-0.0746421550912
-0.13793411801
-0.157634649547
-0.152060544271
-0.0591416586181
-0.0317568034945
-0.17987145223
7
-0.000682967749442
-0.0251927951649
-0.0746634692746
-0.09715867167
-0.102458151229
-0.0637770066122
-0.402379892671
8
-0.0434484785435
-0.0620000605377
-0.0785055968996
-0.0434132006539
-0.0548545706316
-0.0659468852974
-0.0049657298451
9
-0.0432677421271
-0.0767754298472
-0.237810499899
-0.140353631758
-0.205581951337
-0.49054032893
-0.0166152213345
10
-0.00657487250951
-0.0012396127281
0.0040216386412
0.00287925214226
-0.00179322627382
-0.22635420561
-0.0761530982372