5
-0.232690738211
-0.115385993572
-0.0103724702647
-0.0269072989543
0.0356192437907
0.168537176801
0.142006443454
6
-0.0747050978039
-0.13793057287
-0.157630894868
-0.152062207345
0.0825500465311
0.139705527468
0.0585313166441
7
0.12404545668
0.0644000796622
0.0135216002296
-0.00345065672281
-0.194673840114
-0.119618764391
-0.710112128847
8
-0.112669234502
-0.0800655243113
0.00147362921504
0.12766653549
0.116917780461
0.0535408253627
0.116457058757
9
-0.239942659525
-0.270472596791
-0.18240922744
-0.0601181154309
-0.0761327079101
-0.19884778292
-0.0611505996949
10
0.192044238118
0.0719081394681
0.159546268799
0.229214198193
0.127470911059
0.229303073583
0.206880598954