5
0.0667152030322
-0.0966536958345
0.0708450536723
-0.0424755195267
0.0920213934677
0.0636251005763
0.137714471571
6
0.423174011664
0.117653784982
0.125655155309
0.202052462214
-0.401667216264
-0.127799663933
-0.490906915305
7
0.244543245275
-0.0427091764258
-0.275527145755
-0.462832086703
-1.74103398606
-2.00936205143
-2.08244938824
8
-0.00650009234182
0.0372384629608
0.0458973315343
0.152249110675
0.234878522738
0.181033151203
0.0459168122682
9
-0.274541615723
0.0011090341836
-0.032246215463
-0.235935376166
-0.0860656652145
-0.0162158320414
-0.110240820229
10
0.328292855126
0.0920788631735
0.134020210016
0.226376173475
-0.0220580942994
0.193172699532
0.141571126264